12345672121232 14455549 11
12346571111231 7202222 11
12345672123212 13857991 11
12345673132313 16627669 11
12345672321212 14549453 11
12345673231313 16158717 11
12345761111111 9735480 11
12347561112212 9183034 11
12346751113133 10031910 11
12347651133311 8589592 11
12347651122112 9423837 11
12347651111111 15237422 11
12347652111221 7739841 11
12347652123233 9158221 11
12347652123332 11287046 11
12347652223232 8542879 11
12345673131323 14050579 11
12347653111133 9120228 11
12347653132223 7798603 11
12347653132322 7620722 11
12347653332323 8588051 11
12354671111111 10746898 11
12354762121112 10125262 11
12354762311123 8267494 11
12354762121211 11004395 11
12354761112323 14223146 11
12354763211123 9803516 11
12354763131131 9211727 11
12354763133111 8370522 11
12356471113133 8856766 11
12356741313131 12504997 11
12357461111222 9709096 11
12357461113331 9341830 11
12356741133131 12010806 11
12357462211112 9623266 11
12356743113131 12579025 11
12357641113331 9065207 11
12364571112212 10107700 11
12364751112212 8661530 11
12365471313113 7528249 11
12364751113133 9107831 11
12365471111111 10734790 11
12364753311131 8743375 11
12365471211122 9091571 11
12365472223232 8425750 11
12365472321233 9731038 11
12365473232312 7656794 11
12365473332323 7684803 11
12365741113331 9158866 11
12367451132222 12310691 11
12367451123333 13510599 11
12367451213333 13103772 11
12367541112212 11331366 11
12367452113333 14488950 11
12367453112222 13060616 11
12367541331131 8313196 11
12367451312222 16024983 11
12367541113331 12986526 11
12374561121212 12533232 11
12374561211212 12340083 11
12374651111222 10150562 11
12375461111222 9809178 11
12375641113112 9266969 11
12376451113133 9864148 11
12376451111222 10329266 11
12374562111212 14650235 11
12376451221211 8505129 11
12376541112323 10283457 11
12376541322233 8435218 11
12376542121232 9390496 11
12376543133132 7567479 11
12376541232233 12172444 11
12376543133231 7523697 11
12376542123212 8660337 11
12456731233223 8145605 11
12456731132321 13723575 11
12456733223321 8199259 11
12463751231231 8661714 11
12473561132123 8253155 11
12467351131121 8669888 11
12536741112323 8890349 11
12467351231321 7509648 11
12537461332112 8278087 11
12543671331113 7890853 11
12543671211212 8600837 11
12543672321332 8326515 11
12543672331232 7650938 11
12543671111111 11038741 11
12543672121121 8056727 11
12543672322232 8069737 11
12543673111331 7862038 11
12543673221323 8241305 11
12543673231223 7888692 11
12543673233323 10018662 11
12546371221331 8217378 11
12564733323122 7865531 11
12563472131213 10223126 11
12567433232333 8173169 11
12563473131212 9581249 11
12576343212221 10075478 11
12637451132111 9669881 11
12637451332112 7257599 11
12643571321321 7983024 11
12645371131121 8959016 11
12734561322233 7794172 11
12673542331133 11060738 11
12734561112323 8840359 11
12734562313223 7471142 11
12745632111122 8594698 11
12745632212213 10140306 11
12745632222221 8239921 11
12745632232211 9799406 11
12745633313312 8038009 11
12745633131131 9184732 11
12745633313333 8569025 11
12745633323311 8142185 11
12753462231323 9183867 11
12763452322232 8288428 11
12745631111111 26131531 11
12765432121313 9321380 11
12765433331333 9662602 11
12765432222212 14105554 11
12765433121213 10574431 11
13245671321111 9342523 11
13246571112233 7948343 11
13246571111111 11811408 11
13246572321332 9336143 11
13246572331232 8436188 11
13246571113232 12322881 11
13246573221233 8722892 11
13246573321223 8891728 11
13246752133211 10841657 11
13247563212131 9664515 11
13254761322233 9196015 11
13254761323322 7899573 11
13257641112233 8030525 11
13254763323122 9348563 11
13254762321233 10926259 11
13267451311133 8269011 11
13267451122211 9860713 11
13265741112323 13272011 11
13265742131312 11339782 11
13267541111132 10525314 11
13267541232212 9602711 11
13275461112233 8838290 11
13275463213211 8739259 11
13274651112323 11715248 11
13275641112233 10678003 11
13275642131333 10072030 11
13275641112323 13282089 11
13276451113211 11600533 11
13275643212221 10784460 11
13276541133122 8567374 11
13276451233133 11543609 11
13276541321123 8593630 11
13276541213312 11510679 11
13276541322311 11064320 11
13276541323112 7229706 11
13276541323322 7543397 11
13276542323312 8610373 11
13276543323122 8324318 11
13462571111111 9287635 11
13462572213311 7728839 11
13546271213213 8245539 11
13542671231231 7371435 11
13546271231231 10626812 11
13527461211113 9218902 11
13546271321321 9133168 11
13576241321321 9178250 11
13572641122133 11729687 11
13627451332112 8181729 11
13576241312213 11440032 11
13642571221223 10878679 11
13645271221331 7641043 11
13642571223221 10857995 11
13642573221221 12306692 11
13647521111111 8956178 11
13675241112323 9804177 11
13675242331313 8818712 11
13725642332132 9070028 11
13762451321321 7650632 11
13764252323231 8139514 11
13764251211311 7031779 11
14263751131121 8210684 11
13765422121211 10899887 11
13754262123323 17485784 11
14275633323122 8854854 11
14325672112121 8047559 11
14267351321321 8307228 11
14325672231323 8329179 11
14325672323222 8126897 11
14325673123232 8307367 11
14325673232333 7802732 11
14325673311131 9456040 11
14327652131213 9054642 11
14327653121213 9628759 11
14352672212111 8670425 11
14356721112323 9015248 11
14367252322232 8343062 11
14325671111111 30341094 11
14523672121313 9308006 11
14356721322233 10540324 11
14367523311113 14663798 11
14527631121311 8633746 11
14527631131211 8317480 11
14527631211131 9088288 11
14527631133311 8035480 11
14527631311121 8963506 11
14523673121312 11229278 11
14527632122213 9049447 11
14527632212111 9196695 11
14527632333332 10823606 11
14527633132322 8396136 11
14536273311311 9676680 11
14537622231323 8540598 11
14527633312133 8653963 11
14563272323222 7879810 11
14567231312213 11449397 11
14567231321123 9777559 11
14573261333111 9329959 11
14625731131121 9261800 11
14625731111111 11663716 11
14625731322233 8348393 11
14625732112121 8770400 11
14625732113321 9783319 11
14625732213323 8255594 11
14625733133111 8178751 11
14625732233111 9083302 11
14632571321132 8426356 11
14652733321331 9104680 11
14632571111111 14280199 11
14723651111213 8244667 11
14673251111111 11379682 11
14723651111312 10484959 11
14723651113121 7965909 11
14723651112131 8310165 11
14723651211212 7583377 11
14723652322121 7069013 11
14723653232222 7922398 11
14723652331232 8720128 11
14723653313111 8216500 11
14723653321313 10053991 11
14725361111111 9436452 11
14725361111123 8218858 11
14725361322332 8822456 11
14725362211121 10216665 11
14725363213121 7733339 11
14725363211213 7978339 11
14726531223122 9059332 11
14726531233313 8081399 11
14725363223213 8133132 11
14726531333312 7520425 11
14725363311113 10407887 11
14726531232122 9073588 11
14726532232313 9345281 11
14726533323122 7904673 11
14735621223113 7529748 11
14735621221112 8158554 11
14735621332112 7396629 11
14735621233112 10032028 11
14735621323112 9547700 11
14735621223332 11920505 11
14735621333111 7890762 11
14735621333222 7393935 11
14736251111132 8835758 11
14736251112332 8133840 11
14736253222223 8237968 11
14736521211212 8440103 11
14736521132222 8927614 11
14736521133131 8803212 11
14736521213333 8640202 11
14736521221313 8934269 11
14736521322233 8063601 11
14736521332121 10156105 11
14736521321231 12093665 11
14736523113131 8460442 11
14736523112222 8975440 11
14752363222121 7774517 11
14752363233131 8909585 11
14752363232222 10009273 11
14752631112311 9170144 11
14752631323223 8127899 11
14752633213223 8001695 11
14752632332132 7855605 11
14752631111111 11053735 11
14752633223123 8260649 11
14752633222223 8532453 11
14752633223231 8963107 11
14753261221112 8087218 11
14762351321231 9976277 11
14753261323112 10035951 11
14762351331221 7621134 11
14762351221331 9295719 11
14753261333111 8104224 11
14763251221223 14285179 11
14763251222312 13269571 11
14763251332331 12526879 11
14763253133132 11264263 11
14763251333123 11835173 11
14763253132232 11274526 11
14763252322121 11477373 11
14763253133222 12209337 11
14763253133231 11813754 11
14763521113223 8208141 11
14763253221221 11362540 11
14763523222331 6924731 11
14763253222112 13029244 11
14763521113211 8980136 11
14765231111213 8883401 11
14765231111312 9265194 11
14765231112131 8655570 11
14765232211211 8160800 11
14765231113121 7917437 11
14765232331313 8108392 11
14765231133131 7998701 11
14765232232322 8093957 11
14765233113131 7648519 11
14765233323332 8164155 11
15236473231121 7309746 11
15236471111111 10489597 11
15243671331221 8208601 11
15267431223113 8240291 11
15246371331332 11310589 11
15246372331331 10813368 11
15246371332331 10945209 11
15273641112323 10242548 11
15342671211311 7031353 11
15346271321321 7534814 11
15324673113311 14079767 11
15367421223113 7451878 11
15367423211123 8645444 11
15367421211113 9994844 11
15426371112233 8191781 11
15463271313113 9112946 11
15426371111111 9292578 11
15624732133313 9266667 11
15624732123212 11119351 11
15627431223113 7452979 11
15624732333332 8702637 11
15627431332112 7597304 11
15634722321233 8577008 11
15627431322113 10219606 11
15637423211123 9642869 11
15634722123332 11821864 11
15642372213311 8441564 11
15642372231332 8699788 11
15642372331322 8101170 11
15642373212311 8274569 11
15642373221323 8777940 11
15642373231223 9930164 11
15643271221331 7992467 11
15643271331221 8481288 11
15643273223111 7515913 11
15642371111111 19696545 11
15647233213232 7504623 11
15672341323112 7688031 11
15672343213232 7510384 11
15672341113232 9696545 11
15672342323312 8846395 11
15672433312133 10606474 11
15724362212132 10244294 11
15724631211311 7826403 11
15724631111111 9612222 11
15724631322233 8842342 11
15724632123233 11061971 11
15724632323333 9016179 11
15724633132322 7580448 11
15724632313223 8181821 11
15734622331223 9064817 11
15724632323231 9078995 11
15746321323211 7242383 11
15746321111111 12113034 11
15746322313112 6801045 11
15763242323132 7701595 11
16243571231231 8279084 11
16243571132132 7671983 11
15762342122213 12608206 11
15763241111111 10756045 11
16243571321321 7933999 11
16245371231231 8581206 11
16257431132111 8735101 11
16257433223123 7403641 11
16254733312223 14838133 11
16275341312213 10447627 11
16327453232333 8032209 11
16275343122221 8556387 11
16273541122133 12543941 11
16342571331221 8487372 11
16273541321321 11084876 11
16345271133131 8270387 11
16345271222111 9026558 11
16345272333212 7939336 11
16345271111111 18366294 11
16345273122323 9681649 11
16345273233323 10388184 11
16347252131312 11717880 11
16345272322232 8721429 11
16357421223113 8560452 11
16347253121312 11088351 11
16374521112323 9061105 11
16374523211123 8066011 11
16427531211311 7712749 11
16423572112121 9610416 11
16427531231321 8511014 11
16453271211113 7775652 11
16453271111111 11641661 11
16453272111131 7862419 11
16523473332323 7975185 11
16427532333233 14025576 11
16475233132313 11592136 11
16523741112212 9342161 11
16524731112212 10792469 11
16524731112233 9272612 11
16524731113133 9176034 11
16527341111111 9117158 11
16527431123333 13522648 11
16527431222132 14055812 11
16527431312222 15250169 11
16527432113333 12251274 11
16527431333213 12072897 11
16527432231122 12711190 11
16527432231332 12131543 11
16527432211322 14138792 11
16527432331322 12962955 11
16527432333113 12619096 11
16532471111222 10352235 11
16527433312133 12382736 11
16534271111132 7634666 11
16534271111111 10232236 11
16534273211111 9593372 11
16537421111222 8457799 11
16537421113322 8536870 11
16537421223113 7453105 11
16534723211123 12538760 11
16537421332112 7551878 11
16542371221331 7104071 11
16537421113331 8984146 11
16537421233112 10485134 11
16542371331221 7872483 11
16542372112331 10962211 11
16543271223221 11168998 11
16543271331332 12106138 11
16543271332331 12224712 11
16543272331331 11317704 11
16543271221223 14997317 11
16543273221221 12069463 11
16543721111111 9341301 11
16543721113211 7655216 11
16547233332323 8806917 11
16573241312312 8000441 11
16573241123123 8889744 11
16547321113331 11027779 11
16574231113133 9387656 11
16572431111111 10570624 11
16572433213223 7603185 11
16723451322311 8341853 11
16723451122133 9416534 11
16725431121311 7971957 11
16725431211122 8301551 11
16725431131211 8227941 11
16725431311121 7715600 11
16725431211131 10207780 11
16725432211121 9135417 11
16725432232223 8020050 11
16725433113311 8220907 11
16725433122212 7762617 11
16725433333232 7385268 11
16735242122213 11109656 11
16743252323222 8098220 11
16742352232313 9897238 11
16745232121313 9482130 11
16745233121213 8707374 11
16745232122222 8814691 11
16753241221112 9610536 11
16745233333313 12618053 11
17246351111111 9081037 11
17324561232332 6957360 11
17356241212313 7075525 11
17324561211323 9550953 11
17265433111313 13818812 11
17326452212111 14681410 11
17356242211331 11216046 11
17362451211311 6947442 11
17362451231321 7809955 11
17362452213311 12011835 11
17423653213232 7903612 11
17364251231231 9320539 11
17425631122112 8489124 11
17425631223113 7614538 11
17425631322113 9718929 11
17425631313113 8258921 11
17425631323223 7999266 11
17425631322332 11421357 11
17425631323112 9830266 11
17425631332112 7806217 11
17426531112233 8480029 11
17426531121212 9556158 11
17426531132312 9353118 11
17426531213123 10191732 11
17426531223221 7502598 11
17426531331332 7871429 11
17426531232233 11919613 11
17426531313131 9590842 11
17426532121211 8721448 11
17426532331331 8637814 11
17436521323232 7524015 11
17435622211133 11447415 11
17452363213232 7588550 11
17435623211123 12331625 11
17452363322132 7641802 11
17453262211133 8703658 11
17452633213232 9803452 11
17462352213311 9049703 11
17463251221331 7069434 11
17463251122112 8383111 11
17463251313113 8138872 11
17463251321231 8791008 11
17463251323112 10030587 11
17526431231321 8883881 11
17526431131121 8433547 11
17463251331221 7508089 11
17543261132111 7636428 11
17526432123233 11757067 11
17543261111111 11993633 11
17642531111111 9053160 11
17642531112233 10868239 11
17642533312211 7734074 11
17643251122112 9161842 11
21345762312323 10662643 11
21345762223322 13496532 11
21345671111111 11288339 11
21345762313223 9586490 11
21345763332233 10286078 11
21354671122112 8375633 11
21346752313322 11472604 11
21347562312323 14355839 11
21354671221112 8518688 11
21354671131313 10322005 11
21354672311123 9438578 11
21354672311132 10348041 11
21354761112233 8757896 11
21354673131113 10269099 11
21354761112311 8173988 11
21354761113211 9067827 11
21354761113322 8300273 11
21354761122211 10886796 11
21354761133311 9134618 11
21354762213311 7645358 11
21354763312211 8167874 11
21357462311111 11314862 11
21354672313211 29289898 11
21357463213331 10468214 11
21364753212212 9221863 11
21364752311111 9792147 11
21357642221132 10909625 11
21365742221312 7995073 11
21365742312323 9675048 11
21367451311331 8293883 11
21367452112112 8145812 11
21376541111123 8701324 11
21374653333121 9072804 11
21376541112311 8401277 11
21375462312233 8892370 11
21375463333211 9644175 11
21376541122211 11427527 11
21376541131133 8896457 11
21457631321123 11861519 11
21473563331312 10604562 11
21536742222131 10449379 11
21654372231323 9190584 11
21654372233321 8392076 11
21654373332122 8259799 11
21654373332221 8199595 11
21734652123131 8057264 11
23156471333132 7641412 11
23156471222132 9019207 11
23147652312323 8387037 11
23147562123131 11663586 11
23156473323332 8481931 11
23147651112323 9622499 11
23157461231333 9567133 11
23157462131123 11935778 11
23164752131312 9129893 11
23165471312132 8116477 11
23164573213133 9565192 11
23165471311133 8725031 11
23165471111111 9654604 11
23164753333313 8885761 11
23165472111122 9108270 11
23165472111332 7790504 11
23165472311111 8342657 11
23165472132332 8962272 11
23165741231312 11013005 11
23165473233221 9875013 11
23165742123131 10924978 11
23165741112323 12104503 11
23165742131321 13464535 11
23165742312323 10898420 11
23165742131333 15747454 11
23167541233322 9159727 11
23167542131222 9062195 11
23174652123131 9481194 11
23165743331312 15790408 11
23175463211222 9903304 11
23176452132221 9118059 11
23176453332233 9703032 11
23456173212332 7052085 11
23416752121211 12264385 11
23417563232123 8101763 11
23456713212332 7333281 11
23456173233122 9003676 11
23576412233321 8182493 11
23475162121112 11487204 11
23576412312323 7855113 11
23517462131333 12364797 11
23674153232321 7414182 11
23657142121112 12449134 11
23751461132123 7082169 11
23751463112321 7161091 11
23756143222331 8941471 11
23671452122333 17135776 11
23756413223312 11085397 11
23756411222312 11058079 11
23756413222112 11559904 11
24157361313212 8284703 11
23756413322312 11607832 11
24153672321233 9079422 11
24157362323111 8164645 11
24173652323231 7558045 11
24315761122322 9963263 11
24315762213323 9094517 11
24167353132232 11994420 11
24315673311311 14328578 11
24351671212211 11413433 11
24351673111133 11615355 11
24351673311311 13446775 11
24351761212232 9712713 11
24351761111123 13763232 11
24367513111121 7596392 11
24367511323112 10156732 11
24531673123121 10383341 11
24516732233111 9278389 11
24376512222122 12466853 11
24561372111131 9061850 11
24536713231232 9247709 11
24537613231322 12020515 11
24563711121212 11517236 11
24563712121232 11608465 11
24571362221213 10733586 11
24571631121212 10702803 11
24615371112332 8596182 11
24563713121222 14885605 11
24615731122313 11310864 11
24615372213311 16297066 11
24615732111323 13677520 11
24615732213311 9333194 11
24615731132333 15495996 11
24615733311122 9733430 11
24617532233321 12380085 11
24615732233321 11094474 11
24615733113323 15939641 11
24651731113223 9055826 11
24651731333333 8154865 11
24637512311132 11600495 11
24715631111111 10305619 11
24715363311332 9768098 11
24715631122133 8241040 11
24715631122121 10235485 11
24715632313223 7471847 11
24715633112111 7352142 11
24715633131131 9974763 11
24716532323231 11582213 11
24731562311231 8383055 11
24731561111111 14403041 11
24736512222332 12051060 11
24761531221223 11663828 11
24763151111111 9617320 11
24751362221231 14914665 11
24751362321113 17972357 11
24765313222112 9829274 11
25134672233321 8113204 11
25134672312323 7792496 11
25134672313211 10444146 11
25137461211323 7228192 11
25163741112323 9559941 11
25137461111111 10499671 11
25341762313223 13607758 11
25364173223231 7022119 11
25314673111313 19492137 11
25341673113311 16090439 11
25364172311231 14846292 11
25367411211122 9935074 11
25314673111331 18623509 11
25314673131311 19254542 11
25436711311313 8781982 11
25436712123122 8167501 11
25413763121222 10392103 11
25436712123332 9047575 11
25436712132122 8949217 11
25413672323111 14949206 11
25436712323231 8161210 11
25436713232321 8776663 11
25436713332122 8324274 11
25463713212332 9221281 11
25471362323132 8700141 11
25471631312213 13095458 11
25634713321232 10114476 11
25641371213132 9765169 11
25631741212121 16052474 11
25714632123131 10417749 11
25714632223331 9242366 11
25714633121333 10101221 11
25716431212223 9728918 11
25734162221111 9164406 11
25716433223213 9181306 11
25731642232211 16157004 11
25734613113323 12415742 11
25736141111123 11021493 11
25736141233232 10444322 11
25714632313211 25843334 11
25736411321312 7663820 11
25736411133113 9958776 11
25736411231321 8987827 11
25736413123112 7986708 11
25736411331113 9513895 11
25741632222323 9319559 11
25741361232113 11040723 11
25741632312323 8407899 11
25743611233232 8705848 11
25763411332322 8038685 11
25763142223133 10593002 11
26135742132221 10049328 11
26135742213323 9262667 11
26135742332312 9577751 11
26153473131131 8561487 11
26153471122121 9432102 11
26153473132121 8351237 11
26175432331133 10242970 11
26345711223113 6930172 11
26415731322323 8041131 11
26371453112111 8161526 11
26154372332213 18561213 11
26415732121223 8006039 11
26317451212211 14865249 11
26415732233321 9925731 11
26435712233321 10844272 11
26435712222122 14671121 11
26435713311122 10217113 11
26435712322322 13653767 11
26435712311132 10346341 11
26453172211133 10090521 11
26437512122312 9120746 11
26435713333133 12426782 11
26453711333333 9084333 11
26513471122121 9623147 11
26543171111111 9520425 11
26543171123111 7724870 11
26517343333313 11720013 11
26534713333313 12577975 11
26573413331312 10369666 11
26547313131323 12553089 11
26714531212133 10043811 11
26714532121133 10853396 11
26741351232113 8025162 11
27154632311132 8362028 11
26715433231322 9255120 11
26743512121232 12540859 11
27134561131133 9301834 11
27314652313211 10172965 11
27415363131113 11724658 11
27415633321322 12370579 11
27365412321212 12110460 11
27416532133232 8339854 11
27435612122222 8999690 11
27415632323231 10026302 11
27416533321232 10128390 11
27453161123111 7432294 11
27453161132111 8721943 11
27534161111111 9109701 11
27456133132223 9470658 11
27516341111111 9157809 11
27534162311111 8434864 11
27534612311132 9867950 11
27536412332312 9128472 11
27534161111123 12105081 11
27543611111132 7608370 11
27543611111123 10710850 11
27613543333133 11749607 11
27614353311332 10199870 11
27615431312333 11107725 11
27615433313213 8169721 11
27546312231122 16062542 11
27634511131133 9165212 11
27615432113321 11749979 11
27634512233321 8580975 11
31247651113232 8160150 11
31247651323232 9633264 11
31246753312211 11336852 11
27643513311233 13302084 11
31256471231222 9132950 11
31257462312311 9006330 11
31257462222221 10879742 11
31257643311122 9466579 11
31264572122213 9321978 11
31264573132313 8967757 11
31264573222223 9210226 11
31264752132122 9271643 11
31265471122112 8240616 11
31264752313121 9870538 11
31265471111111 11728003 11
31265471122133 9430894 11
31265471312213 8379429 11
31265471313113 7780539 11
31265471321111 7332940 11
31265472233321 11759706 11
31267542222233 10839372 11
31265472312233 8378982 11
31265741233331 11588709 11
31275461112233 11945097 11
31275461322233 12061168 11
31267542313133 11754570 11
31275462133211 10068243 11
31275462223211 10113872 11
31275462312212 10713004 11
31275462311213 10609147 11
31275463311122 11522331 11
31276452133322 8302388 11
31452672322331 7355836 11
31452671323211 6904793 11
31452671332232 7320896 11
31276452313313 9763857 11
31456722111221 9244167 11
31462751113322 8506117 11
31462751111111 9897309 11
31475261322233 8891707 11
31527643332122 7407079 11
31475262333221 8848872 11
31475262331313 10643391 11
31524673332122 12547844 11
31564272213311 8226593 11
31564273113311 8985116 11
31624751112233 7795369 11
31572461122133 9161856 11
31564272212111 14182083 11
31624753312211 7644516 11
31627452221333 11795573 11
31654272313322 12932308 11
31754621331122 11373522 11
31765242322121 11110730 11
32145671132222 8421062 11
32145671123333 8981084 11
32145671221112 9030572 11
32145671333333 8961555 11
32145671111111 15580716 11
32145672113333 8443863 11
32145673112222 7636680 11
32145672212222 8556983 11
32145673311113 8722699 11
32146751232323 8673172 11
32146752232223 10664620 11
32147562313223 7647125 11
32147562333233 13700704 11
32147651123333 13364687 11
32147651132222 12186831 11
32147651312222 12686549 11
32147651213333 13776481 11
32147652231332 11970044 11
32147652113333 12350019 11
32147652331322 12985300 11
32147652233213 15780683 11
32156471113211 7931869 11
32147653112222 12435263 11
32156471232332 7304935 11
32147652332213 15269707 11
32156472312332 7712553 11
32156471111111 9974489 11
32156472332132 7595529 11
32156472332321 8348321 11
32156473223123 7086379 11
32156742311123 7802937 11
32156472333332 8636234 11
32156742333131 7832310 11
32156742313223 9249891 11
32157641232323 8722351 11
32157642231323 8788591 11
32156741112323 14485497 11
32164571111231 7558902 11
32164571232323 7779642 11
32164572232313 9247522 11
32164571111111 10858083 11
32164572232223 9265956 11
32164572233321 9026252 11
32164572312323 8709535 11
32164573323212 8238727 11
32165741111132 8401259 11
32165741111111 13041114 11
32165742331112 7778796 11
32165743311131 8239423 11
32165741233223 8073556 11
32165742211112 10580236 11
32167451111111 10910506 11
32167451222222 8347696 11
32167451213333 8689894 11
32167451312222 8293484 11
32167453222313 7399931 11
32167451333111 8019791 11
32167452211121 8577858 11
32167453313333 8560958 11
32174652312332 7576533 11
32167453321232 8439202 11
32174561232233 9750086 11
32174561232113 11032335 11
32174562231212 8840214 11
32174561112323 10581535 11
32174652332132 7730253 11
32175461113112 7747686 11
32175461111111 11191026 11
32175461221112 8011449 11
32175462233111 8728061 11
32175462312323 11604506 11
32175461333111 8269086 11
32417653132121 7017908 11
32451762331121 7157268 11
32417652132131 8080937 11
32416753121222 13689433 11
32417562113321 13097891 11
32456173212332 9184101 11
32465172132131 7270145 11
32465172112121 8872521 11
32465172133121 7611637 11
32465173123121 7982552 11
32465173132121 8214569 11
32465172332321 8515743 11
32465173133111 8888626 11
32456711233133 17370147 11
32476513232231 8439956 11
32475161232323 9704988 11
32465173233221 9510175 11
32547611121113 8572938 11
32546713323212 9231449 11
32517463131311 13696374 11
32475163331222 9969495 11
32547611131112 7958091 11
32547612111311 8284516 11
32547611213111 8137295 11
32547613111211 8134883 11
32547611312111 8521343 11
32561471113133 9356040 11
32561471131211 8467945 11
32561471121311 8390095 11
32561471122211 9071310 11
32561472133313 8140932 11
32561471211131 10732127 11
32561471311121 8585125 11
32561472213122 8110275 11
32561473323212 7786362 11
32561473222223 7679943 11
32567412122222 8940992 11
32567412131312 11068651 11
32567413131212 8782498 11
32576142313223 8774152 11
32567412222212 13602795 11
32615473332122 9043422 11
32647153132121 7070017 11
32647152133121 10305694 11
32567413133333 10761059 11
32647512333233 14338172 11
32671453123313 11110886 11
32657143121213 10797379 11
32657412111212 10611352 11
32741651121311 11217289 11
32714652332132 8181367 11
32674152113333 12833990 11
32716452123212 12243435 11
32741651131211 8867358 11
32741651211131 8254563 11
32741651311121 8581679 11
32741652111113 9045434 11
32745612313322 9189707 11
32741653111112 9035746 11
32745611223332 7891289 11
32745612322331 7692898 11
32754163211123 8178320 11
32751643321232 9503112 11
32761452121313 9029413 11
32756141233121 9722343 11
32761452122222 9595973 11
32761452222212 8993380 11
32761453133333 9194637 11
32765411112221 8920640 11
32765411121113 8092330 11
32761453121312 12586721 11
32765411131112 7718932 11
32765411133113 8440156 11
32765411331113 8432179 11
32765412221312 8020720 11
32765412323222 8338508 11
32765413223312 7604878 11
32765413122212 7658444 11
32765413322312 7515111 11
32765413231223 9042134 11
34125672131213 8639383 11
34125672221222 9006842 11
34125672131312 9608909 11
34127651121113 8062710 11
34125673133333 9875364 11
34127651131112 7965098 11
34127651213111 8185647 11
34127651312111 8550766 11
34127652111311 8034386 11
34127653111211 8098886 11
34165271131211 8530954 11
34165271121311 9108022 11
34165271112212 9847762 11
34165271311121 8004980 11
34162752132212 16466938 11
34165271211131 10480107 11
34165271311133 8810012 11
34165272323333 8212876 11
34165273222322 7370523 11
34165273133312 10297396 11
34165273311131 8093597 11
34172562132332 9296618 11
34167252213323 9400320 11
34172562313331 9950388 11
34261572132131 7219672 11
34261572133121 7578291 11
34175263321232 9549421 11
34261573123121 7744373 11
34216572213122 12849518 11
34275161312213 9026774 11
34265712212132 12051163 11
34275162112322 8688187 11
34516271111111 9343302 11
34275162213221 9550144 11
34516272312332 10214840 11
34517622231323 9576347 11
34526713232312 8173933 11
34521672223232 8864781 11
34516722313223 11457925 11
34527612211322 13470545 11
34527612231122 13114134 11
34527612331322 13108463 11
34527612231332 14382645 11
34527613312133 13347372 11
34561272122123 12477565 11
34561272122321 13025641 11
34561272212213 15824934 11
34561272213122 12947126 11
34561273233131 12249071 11
34561272232211 15294877 11
34561273221233 12367099 11
34561273311233 12834954 11
34561273321133 13347058 11
34561721111111 10123819 11
34562171321231 7969856 11
34561273321223 12547997 11
34562171321111 8161661 11
34561273313321 14634869 11
34562172232313 10531580 11
34567212223232 10330199 11
34617252111212 11329192 11
34617252132212 11988693 11
34617522221333 10676237 11
34621572132131 8447359 11
34625172111212 12128819 11
34617252123212 11223152 11
34627512232313 8536169 11
34651271123111 8335763 11
34651272332132 7956572 11
34675212222122 12395657 11
34721652121313 11617958 11
34716522223211 10832863 11
34721652221222 11766011 11
34721652131213 10524958 11
34721653333313 10388358 11
34715262221123 12176310 11
34721652222212 11057081 11
34725612111113 7935009 11
34725611212211 9213694 11
34725612231332 8064290 11
34725612322232 8616223 11
34725613111112 8720718 11
34725612231212 9197948 11
34725612121322 9175927 11
34725612331322 8510358 11
34725613111133 8464857 11
34725613132223 8513615 11
34725613311113 8489378 11
34761252323222 8033049 11
35162472122231 8102560 11
35127462331331 10690677 11
35126742231233 10146719 11
35162473122221 7969994 11
35162472123233 10362712 11
35126741232212 10181609 11
35162473323131 8111358 11
35162473332122 9011984 11
35162473332131 8034313 11
35162742213323 10450609 11
35172461232323 9696488 11
35167242132212 10212932 11
35246171111111 9046360 11
35174262231113 10706970 11
35174262213131 12162477 11
35246171113322 7860235 11
35246172213311 8757906 11
35271461322233 8034578 11
35267141223233 7413189 11
35416721113112 8022277 11
35416723232213 10840692 11
35417622223133 11745332 11
35426712131132 8988034 11
35426712311312 7956357 11
35267141321132 15486221 11
35426713111313 9534902 11
35426713131113 8638978 11
35426713312211 9109523 11
35461271321231 7959242 11
35461271111231 9341313 11
35462171131313 8843987 11
35461272222323 8264084 11
35462171221223 7618216 11
35462171212121 9262394 11
35462171332331 8536772 11
35462172213311 9116496 11
35462172312131 8064983 11
35462172223331 8318415 11
35462173123211 8467744 11
35462173131311 9454411 11
35462173221221 9099526 11
35472163222313 8288827 11
35462712322322 10154055 11
35476122221111 9414331 11
35472163231322 9184366 11
35614722321233 9819103 11
35617423131332 8946144 11
35624712121232 12710057 11
35624712321332 12439086 11
35714623111322 10829670 11
35624712321212 14796174 11
35624712331232 12540243 11
35762142222113 10016725 11
36125471111333 8603771 11
35721642221213 16655002 11
36125471213111 7866032 11
36125471212112 12175664 11
36125472121223 7511075 11
36125471222111 12392770 11
36125471312111 8271019 11
36125472111311 7833446 11
36125473232222 9212449 11
36125473111211 8423225 11
36125473323233 8909013 11
36127451333222 7728117 11
36125743222331 14315039 11
36145272131213 13637575 11
36145272131312 9323157 11
36145272122222 10486138 11
36147251131211 9280871 11
36147251121311 8857433 11
36145273333313 10737432 11
36147251211131 9654536 11
36147251311121 8081564 11
36147252111113 10325807 11
36152742131321 10104165 11
36147253111112 8667787 11
36152741231312 11452253 11
36217541223311 6918063 11
36172452133133 12112550 11
36217452131333 11750605 11
36217543213112 7288454 11
36241573212332 7623456 11
36241753212311 8846380 11
36415272123212 10901978 11
36417522123311 9793084 11
36521472331121 8055811 11
36527411131133 8121781 11
36527412111113 8001753 11
36521472113321 9565487 11
36514272212111 13586571 11
36527412131222 9396425 11
36527412221312 8235614 11
36527412211322 9482156 11
36527412231122 8323759 11
36527412322232 8457088 11
36527413311311 7910625 11
36541272323222 7946378 11
36527413111112 8442747 11
36542712121322 12308702 11
36547212121313 10381100 11
36547212221222 10486360 11
36547212122222 11000281 11
36547212131312 11053211 11
36547213331333 9450032 11
36712542121112 12807279 11
36712542121121 11998192 11
36714252232223 8257828 11
36712542121211 14118961 11
36714523132223 9339951 11
36714521232113 11399674 11
36712542122111 12649500 11
36714522122213 9183806 11
36714522121322 11332645 11
36714523132322 9161760 11
36721451131331 8057093 11
36721452121322 9218592 11
36721452122321 8608245 11
36721452122213 9212887 11
36721452122123 7682916 11
36721452131111 8517070 11
36721452223232 8242607 11
36721453113113 8956294 11
36721453121111 10882331 11
36725411121212 13604659 11
36725411131313 13646521 11
36725411313131 13742733 11
36725412121211 14021866 11
36725412111212 14736655 11
36725411212121 13687091 11
36725412121112 13616719 11
36725412121232 13686825 11
36725412321212 14259985 11
36725413111313 15706432 11
36725412123212 14498045 11
36725413131113 14116582 11
36741252122321 12875409 11
36741252122123 13787768 11
36725413131311 16493931 11
36745211211221 7504381 11
36741252123323 13309905 11
36741252122333 12433851 11
36745212121223 7829316 11
36741253233131 13124831 11
36745212122312 9784072 11
36745212122333 8314859 11
36745212123323 9344419 11
36745212131111 7856825 11
36745212223232 8253522 11
36745213131131 7707476 11
36745213133111 8456744 11
36751243222322 8452465 11
36745213121111 10134435 11
36745213232213 8068262 11
36752142122132 9017306 11
36752142123221 8445565 11
36752143133222 9146469 11
36752143132232 7510903 11
36752143211132 8534376 11
37246511112233 10344640 11
37256142321233 9728298 11
36754123232222 14669443 11
37516422333311 8582213 11
37426513132313 12565924 11
37415622333221 10950358 11
37561241311112 8336813 11
37452162323312 9038839 11
37612453122233 8453662 11
37612542221111 9923698 11
37614252221123 10797602 11
37614521323232 7404923 11
37614522111221 8394187 11
37614521111111 11364981 11
37614522113321 9540236 11
37614522313322 9943229 11
37614522323312 8334368 11
37614523232213 9390699 11
37615422211133 10420331 11
37615422313121 9821736 11
37615421113322 10484204 11
37615422223133 10559430 11
37615422313331 10545159 11
37624152311213 10804713 11
37615423121132 11144421 11
37624511232233 9771064 11
37624513231313 9060521 11
37624513131323 9291908 11
37624512121322 11281381 11
37624512231212 8719498 11
37642513122221 9704640 11
37641252222323 9604178 11
37645122312221 8193671 11
37642152213311 11285290 11
37652141113232 7929230 11
37652143231322 8954788 11
37651422312311 10999336 11
37654212311222 10323853 11
37651242211133 11691935 11
41236753232321 8743141 11
41237561313131 12299406 11
41325671212211 8930777 11
41325763131233 7939430 11
41263751312222 13292324 11
41325762313223 8299065 11
41352671212112 12380406 11
41357622313112 7121948 11
41352671212121 12767203 11
41352671222111 12840453 11
41367253111133 11699362 11
41563273113311 9372155 11
41532672313211 15732043 11
41532761233133 10453304 11
41625373121213 8763365 11
41625731222231 10187389 11
41576322212222 11540025 11
41657321222312 9373638 11
41635721212121 14948816 11
41723562313211 9488020 11
41673252212222 12180542 11
41673521111111 9932457 11
41725361232113 10718878 11
41625372313211 24918308 11
41725361321213 12929467 11
41725362221213 11066291 11
41725363121222 10310773 11
41725362313223 12018055 11
41725363121231 9870696 11
41725362313211 11975977 11
41725631211122 9203259 11
41725632322331 8048346 11
41725631111111 11843943 11
41725633111133 8705615 11
41725633121123 8392313 11
41726352313322 9136585 11
41726532312233 11338950 11
41725633211111 9603916 11
41735263123223 8577545 11
41735261323313 11360899 11
41735262312233 10663391 11
41735621233232 8897689 11
41736521233232 10678485 11
41735622313322 10412790 11
41752631222123 7835921 11
41736522332231 8283600 11
41752632312323 7889812 11
41752632311123 8583489 11
41756231321213 12383038 11
41765231233232 8799938 11
41756233121231 9662593 11
41762532221333 10787077 11
41765322221312 8009457 11
41762533123331 9910026 11
41765323122212 8444488 11
41765322313211 17278451 11
41752632313211 29601830 11
42137653122131 8206464 11
42136752131312 11485423 11
42137653132121 6919236 11
42137561123333 10854994 11
42157633231322 10918860 11
42165373223123 6863304 11
42315673112111 7367165 11
42163751121212 12632674 11
42367153111121 7553704 11
42167532131333 11791504 11
42351671212211 10661892 11
42367153211123 8290987 11
42561733323122 7304836 11
42516372233111 10334864 11
42573612323231 9078809 11
42351763231133 15617552 11
42573613322231 8415497 11
42613572313211 9474915 11
42615372213311 12117744 11
42651372213311 8027361 11
42615372221213 11062683 11
42615371313332 15200674 11
42615372313211 12354893 11
42651733311122 10100567 11
42673512232133 11089889 11
42751632323231 8601592 11
42751632321233 10764220 11
43216573132121 7236889 11
43176252123131 8163411 11
43176252311132 8683539 11
43167251232212 9793250 11
43126572133313 11601137 11
43216573132223 8109170 11
43216573212311 7954380 11
43216573212332 11438527 11
43527612312323 7720162 11
43561271111111 8711110 11
43512671313332 9161243 11
43572161111111 10410174 11
43571262122222 11126872 11
43572612312323 9132536 11
43615271333312 8256512 11
43576211123222 9703637 11
43615272113321 9166229 11
43576212112232 12186158 11
43651722323132 8784507 11
43617521223221 12030847 11
43621752213323 12074549 11
43675211221331 9228133 11
43721653231313 10596064 11
43751623123313 10711665 11
43675122222122 13747485 11
45167323322231 8828087 11
43765212222122 13438540 11
45213672221123 10275593 11
45176231131313 19031698 11
45273162222122 11918234 11
45176231133113 18981732 11
45176233131113 19541436 11
45176231331113 18432173 11
45312671222312 7738192 11
45276131131133 14104106 11
45176321131133 16150500 11
45312672223331 8629546 11
45312672233321 8074189 11
45312673222112 7696296 11
45312761133311 8471661 11
45312761113211 8874171 11
45312673132313 13862933 11
45312673231313 13681560 11
45312762311111 8508882 11
45312762221111 10386521 11
45321671212211 9288893 11
45312672313211 25374506 11
45321671221121 9284680 11
45367211111132 8954431 11
45321673113311 15404171 11
45327612222323 9918907 11
45362712122222 11780996 11
45367122223133 10081381 11
45367211211122 9477802 11
45367213111133 9621218 11
45376213333322 8181623 11
45376121331311 10911673 11
45612371133221 9293465 11
45376211333123 8833116 11
45612372331121 7845176 11
45376121131133 14911426 11
45376213131323 14009662 11
45612373112231 8049074 11
45612373132121 7683536 11
45612373132223 8468399 11
45612373322111 7431959 11
45612373332122 7923518 11
45613271331221 9062313 11
45612373332221 7987567 11
45613272233111 11409567 11
45621373123331 9976901 11
45621732212123 10388046 11
45623712332123 7302178 11
45621373211111 12454910 11
45623713322321 6997093 11
45621732233333 9956918 11
45637123132121 8044085 11
45637123332122 7049477 11
45671231132231 7159589 11
45671233112132 7697577 11
45673212212132 9260188 11
45713623223132 7620494 11
45673213211222 9460614 11
45721363322231 8549521 11
45721363321313 8858319 11
45732612233321 7700409 11
46123571111111 9363347 11
45736121122211 12518559 11
46123573232123 11466989 11
46125731333123 9216869 11
46127351131313 11571060 11
46127352131333 13015569 11
46127353131323 13986786 11
46135272133313 10921339 11
46157233333232 8060383 11
46157321331233 9633952 11
46153273131131 13218052 11
46215372121223 8529707 11
46257132211133 10498543 11
46273513221212 8132920 11
46273512122312 8549799 11
46215372313211 14783702 11
46275311123222 9977893 11
46257313312211 16423574 11
46275312112232 12535249 11
46275312132212 11054755 11
46275312232133 9737821 11
46275313121222 10251529 11
46275312313211 11894488 11
46321752111131 9037271 11
46275313312211 11846183 11
46352171211233 7377547 11
46352172113231 6837037 11
46375211211332 7414666 11
46372511221331 9993563 11
46375212132131 7396924 11
46375212113111 8140129 11
46375212132221 8160126 11
46375212332222 7972861 11
46375213123121 9218490 11
46375213112111 10101522 11
46375213333121 7503063 11
46512371331221 9719021 11
46513272332111 7816623 11
46512372113321 10577023 11
46513273113221 7784820 11
46527133111121 7561119 11
46572312132122 8096709 11
46572311223122 9925257 11
46523711331332 9301514 11
46721533123313 10326998 11
47123651233232 8360503 11
47123562232133 11288358 11
47126532133133 9548266 11
47132562311111 9135605 11
47126351233232 11391171 11
47132652233321 9106573 11
47132563222331 12208028 11
47135622132332 8540247 11
47152361233232 7539721 11
47136252133112 12057781 11
47156233211132 9295975 11
47152631322131 9692247 11
47156231332313 9722227 11
47156233322312 7705870 11
47156233223312 8026154 11
47156233233113 9474794 11
47156321133311 9907240 11
47156321111111 9794494 11
47156322332132 7246438 11
47156322132311 8403190 11
47156322313232 7761590 11
47156322332312 7574183 11
47156323223123 8352460 11
47163522131222 8127840 11
47162351322122 8492723 11
47165321232113 11018364 11
47165322232133 9494285 11
47165322132212 11045507 11
47165321322131 16036980 11
47165322313211 12408983 11
47165322133112 12604652 11
47251363131113 12855923 11
47256133212311 8383198 11
47216352131333 13252871 11
47256133321232 8275532 11
47251632131312 10977810 11
47265312122222 8904350 11
47265312131312 9280232 11
47321651311133 9305770 11
47352612311132 8229930 11
47352612123131 7990301 11
47512632312323 7902569 11
47621532232331 7248499 11
47621533231121 7567692 11
47352612313211 15549393 11
47632152233321 7693896 11
47632153232321 8704197 11
47265312313211 24887611 11
47632153212311 9458223 11
47652132231323 9444973 11
47653213232111 6911834 11
47632513212332 12190372 11
51264731113322 8001758 11
47653213211231 11810373 11
51324671211122 8682260 11
51264732213311 7544639 11
51324761111123 9775547 11
51324673113311 13221213 11
51267342312233 13322114 11
51324672212111 11218956 11
51342672212111 10705237 11
51324763113332 9417652 11
51367241211113 7678579 11
51426731111111 9545489 11
51426733312211 8666155 11
51423671221331 8129383 11
51342763312223 18977906 11
51623471321111 6950695 11
51472361131313 11538673 11
51472633331312 10951639 11
51623743313321 10223620 11
51624731312123 9908516 11
51647231113232 7426242 11
51632741323232 7717561 11
51624733323113 10805395 11
51642731113322 11332741 11
51642371122313 10389556 11
51724362122222 9432791 11
51723643131311 10898650 11
51724363121213 9262549 11
51742632323231 9082422 11
51726433123313 10996386 11
52134761232113 8715416 11
52147631121311 8822094 11
51732643121213 11492868 11
51742632323333 9859977 11
52147631131211 9212463 11
52147631211131 7926000 11
52147631311121 8093233 11
52147632111113 8757579 11
52163471312111 7764870 11
52163471333123 7183870 11
52163472111311 7841197 11
52147633111112 11289275 11
52163471112122 9162692 11
52163471213111 7870835 11
52163472131222 7706239 11
52163473111211 8311717 11
52163473221323 7700956 11
52163473111331 8214002 11
52167342121232 10889296 11
52167432121313 9790947 11
52163473323332 13217899 11
52167432122222 11958016 11
52167432131213 10414113 11
52167433133333 11560523 11
52167433331333 9920116 11
52341671122211 9483521 11
52174633223123 10298552 11
52314761322122 9275966 11
52341671311313 7701407 11
52314673311311 16305104 11
52341672211112 9574120 11
52341672232313 8895984 11
52341673133111 8172126 11
52341673232213 8718399 11
52341672323222 9692586 11
52341673232333 7774306 11
52341671111111 25949063 11
52341672323312 12742010 11
52361472121313 11862956 11
52341673323212 12516114 11
52361472131312 9806039 11
52367142211121 10020113 11
52374161112323 8685900 11
52367412322232 8407369 11
52376413222223 9403230 11
52463173212332 11257598 11
52471631223113 8465639 11
52463713212332 11302379 11
52471631323112 8679976 11
52641733212311 8224780 11
52641733232321 8373223 11
52614372313211 14050958 11
52673413232123 7813025 11
52713461232323 7709926 11
52714633213223 8364144 11
52714633223123 8376066 11
52714361232113 12738321 11
52731641233112 7367644 11
52731641323112 7101476 11
52736141322233 8366925 11
52741362313211 9654128 11
52741362313223 10995957 11
52741632122333 12380906 11
52741632212213 12952800 11
52741632123323 15291132 11
52741632232211 12550681 11
52741632212231 13469584 11
52741633221233 12358166 11
52741633313312 12189593 11
52741633313321 13136677 11
52743611111213 8415047 11
52743611112131 8408515 11
52741633321223 14532730 11
52743611111312 10395267 11
52741633323311 12701894 11
52743611113121 10573795 11
52743612131111 8015802 11
52761431111312 8408776 11
52761431111213 8351394 11
52743613121111 9707515 11
52761431112131 8748488 11
52761433121111 8180082 11
52761431113121 8867048 11
52761432131111 8517527 11
52763143222331 12931614 11
52763411333123 11672481 11
53126471231231 10448954 11
53126471231321 8346777 11
52763413223312 17690381 11
52763411222312 17151626 11
52763413322312 17169347 11
52763413222112 17737883 11
53126471321321 8938534 11
53147262123131 8213685 11
53146272123233 11803235 11
53421671321231 7319953 11
53426171112233 8470983 11
53421671321111 10986449 11
53274163211222 10702315 11
53467211321111 6985876 11
53476121323112 9118786 11
53162743312223 19234442 11
53462711113322 11039954 11
53476121323322 9393357 11
53621471331221 7649426 11
53614721212121 11646076 11
53642171111111 9415514 11
53721463223312 9656284 11
53726143333121 8242144 11
53724612121112 11463483 11
53672142221213 15759797 11
53714622233111 12963022 11
53741621323112 8461277 11
53741621332112 8727758 11
53761242121211 11369120 11
53762143222331 9624931 11
53761242321212 11282547 11
53742612323333 10017953 11
53761242221213 12041399 11
53762413322123 10540171 11
54123673233323 9184147 11
54126371331221 7778633 11
54127632131213 11184615 11
54127633333313 10889683 11
54127633131212 11178641 11
54163271133221 8623556 11
54127632222212 10610460 11
54127633133333 11716198 11
54167231121113 7808623 11
54163272233111 11223524 11
54167231131112 7923621 11
54167231221211 8452874 11
54167231333213 7825255 11
54167232112112 8401722 11
54167232333113 7779536 11
54167232133313 8905634 11
54167233331213 8852561 11
54167233232333 10035436 11
54172633132313 10950109 11
54231671123111 8384442 11
54261373123121 7971780 11
54231673123121 7344319 11
54261732231233 9857464 11
54217362233213 18066006 11
54276132233312 9589834 11
54217632132212 16156747 11
54312671131331 8243493 11
54312672212111 9017354 11
54317261113112 7374786 11
54317621111222 9667433 11
54321672212231 12263454 11
54312673311311 15330293 11
54321672232211 12811834 11
54321672212213 13093550 11
54321761211221 8001295 11
54321673313312 18565210 11
54326171112233 7716932 11
54321673313321 19081696 11
54321763113113 10822358 11
54326171111231 10882581 11
54321673323311 19015395 11
54326171321231 7844899 11
54326711112212 10008125 11
54327612223232 8746457 11
54362711111231 7432581 11
54361272223232 8916981 11
54362711323112 9075621 11
54362171113133 9293257 11
54367121113211 9103977 11
54367121112212 11040126 11
54367122211121 10093863 11
54367122311111 9117144 11
54367121113331 12583262 11
54367123311113 9080622 11
54367211132222 12343833 11
54367211213333 15417020 11
54367211222132 12584558 11
54367212233213 12546030 11
54367211333213 13402208 11
54367212211322 15320242 11
54367212231122 13049115 11
54367212332213 12888969 11
54367212333113 13518809 11
54371261113331 9507312 11
54376121322233 8926008 11
54371621113322 7642038 11
54371621113112 11143744 11
54367213312133 14243231 11
54367213112222 14544546 11
54376211111132 9168959 11
54376211111222 8454676 11
54376211113133 9562347 11
54612372222131 10007123 11
54612733322213 9577969 11
54612732112223 9452165 11
54621372211121 9651762 11
54621371133311 8820639 11
54612371112311 13571390 11
54637211132111 7456723 11
54671232221213 10167221 11
54712362223322 10118310 11
54716232222113 10013105 11
54712361323313 9643717 11
54716322313223 7993846 11
54721631122121 9046845 11
54716321112323 9678798 11
54721632133232 8368133 11
54721631311133 8580606 11
54721632212222 8926418 11
54721632212231 7784904 11
54721633313321 8929160 11
54721633231322 8306043 11
54721633333331 7844674 11
54723612221222 9890273 11
54723612222212 10126541 11
54721631111111 30866294 11
54723612131312 12085887 11
54723613121312 11115963 11
54761233322321 8644771 11
54763212322232 8210592 11
54723613333313 11228062 11
56123471222312 12022233 11
56123472331331 11322804 11
56123471223221 11411963 11
56123471333123 12545733 11
56123473133231 11221779 11
56123472322121 12065822 11
56123471331332 14608039 11
56123473133132 13330524 11
56123473222112 11600200 11
56124371111231 7250775 11
56123473322312 11997502 11
56124371232323 9966056 11
56123473223312 11571760 11
56127433332323 8887745 11
56132472333332 9038515 11
56132473211111 8772572 11
56132473213211 8774055 11
56143273332323 10973337 11
56147231333213 12087588 11
56147232233213 12592444 11
56147232332213 13015858 11
56147322333233 11255583 11
56173421113112 7355881 11
56147232333113 12610043 11
56147231222132 19458557 11
56174232323333 9932461 11
56174321232113 12203506 11
56213471111111 10074420 11
56243173133111 10777374 11
56243713121333 11035793 11
56213743313333 11833079 11
56247132333233 9075688 11
56271433111313 12119269 11
56271433123313 11817490 11
56274132331133 9640152 11
56321473233323 8043093 11
56271433132313 12424361 11
56327411211332 7948977 11
56324171221331 7884253 11
56274312313211 14107410 11
56321742211112 12000499 11
56327413213112 7854427 11
56341273131212 10317908 11
56341273121213 11504617 11
56347211213111 8130891 11
56347122333233 10321145 11
56347211331131 7487201 11
56347211312111 7699855 11
56347211222132 8310368 11
56347212232223 9030034 11
56423171231231 7231372 11
56347212111221 13539468 11
56347213131332 8590547 11
56347213111211 9794987 11
56347212111311 10225420 11
56347212123233 9391650 11
56423171231321 8824211 11
56423173133111 8986166 11
56423171321321 7959114 11
56423172112121 9070166 11
56423173132121 8197851 11
56432713122122 9416778 11
56712341232113 8228583 11
56712343211123 9030535 11
56721343123331 9722445 11
56723411131112 7798140 11
56723411113313 8359380 11
56723411121113 8497802 11
56723411222312 7638777 11
56721432312233 11315577 11
56723412122312 7488027 11
56723412323222 8193802 11
56723413221212 7898147 11
56723413222112 7775046 11
56723413331111 7908501 11
56741231121311 8231573 11
56741231311121 7934952 11
56741231131211 10677364 11
56732143122113 10917294 11
56741232111113 9083577 11
56741231211131 10368252 11
56741233111112 8977067 11
56743212122222 9922753 11
56743212221222 11769351 11
56743213121213 12271806 11
57214361323232 7408284 11
57164322131312 8922824 11
57123461111111 9563194 11
56743213121312 10663598 11
56743213331333 11592986 11
57236141113232 8083116 11
57236141322233 7851480 11
57241631322113 7135145 11
57214632212213 16048349 11
57241631323112 6914250 11
57246131112233 8946252 11
57236141323232 11479004 11
57264132111323 9971251 11
57321641311112 8283170 11
57364213332122 7443398 11
57364212313211 9491096 11
57321642311132 8313449 11
57642311113322 8302689 11
57364212213311 11242828 11
61234572231323 9136818 11
61234573232213 8235532 11
61257343232123 8200908 11
61352472233321 7684936 11
61274532231323 8999856 11
61274351313131 10956260 11
61235741313131 14443122 11
61452731311313 11247085 11
61352472313211 15206299 11
61453721311112 7941094 11
61453723111121 7841135 11
61453721111111 9849357 11
61472533112111 7435382 11
61472532123332 8780045 11
61527431111111 10293264 11
61534721113211 8343720 11
61534272311132 10242116 11
61543271112311 9142479 11
61534721112311 8848455 11
61543271111111 10803703 11
61572432312323 8362512 11
61734523222331 11386569 11
62135473122131 7458089 11
62135471122121 8950103 11
62135472132131 7716035 11
62134572321323 10896030 11
62135473131131 8940822 11
62135473123121 9743656 11
62135473132121 8747234 11
62135473322321 8778735 11
62135743222331 9095903 11
62135473232231 8234286 11
62147353123121 8381354 11
62147353132121 7086234 11
62154733321121 7484673 11
62157342132212 10637215 11
62135743312223 15207497 11
62173543232132 8252639 11
62174533311212 10403409 11
62317453112111 7283307 11
62174351122133 11512851 11
62317453312211 11731260 11
62374511322311 7124005 11
62371453311311 10098841 11
62374513112321 8386919 11
62374513312112 6807519 11
62351743112123 13466256 11
62435172211133 12258559 11
62435711222222 8239952 11
62471532232133 8598312 11
62531472321233 9143738 11
62435172311132 13158391 11
62453713311122 10393509 11
62475131322323 8294143 11
62543711211113 8960111 11
62543711311112 7564823 11
62571432321233 11212485 11
62735143223213 10050149 11
63125743133312 8550861 11
63142571111111 9331172 11
63125743131233 8071307 11
63142571132321 12983820 11
63172452312323 7523166 11
63125741112323 15189869 11
63142573112123 12617380 11
63174522332132 8211794 11
63247511123132 7705929 11
63172452313211 15472313 11
63452712333221 8422973 11
63251743133231 11621922 11
63452711311313 8930186 11
63471522123131 9485360 11
63471522323132 10400612 11
63471522332132 8493154 11
63472512123332 9344509 11
63574212123131 8149237 11
63512743313333 12083682 11
63541271212211 14252068 11
63712542221111 8780750 11
63542713121333 13256927 11
63574212313211 13195067 11
63714521112323 9924399 11
63714252123131 10232953 11
63714522332132 7509513 11
63721541233322 8549336 11
63725141233121 9899389 11
63725141112323 14604814 11
63725143122113 11119677 11
63724153121213 11832357 11
63725142223133 12100472 11
63741252222323 9272468 11
63725142123131 13373562 11
63725143123313 15632121 11
63742511232221 9474831 11
63745123122212 8104184 11
63741522123131 9569568 11
63751423122311 9987344 11
63751242221321 11322182 11
63752141123213 7998869 11
63752142332132 7387006 11
63752141111111 12142508 11
63752143212323 7582704 11
63752141122211 10220542 11
63752143123223 7740152 11
63752143223123 8899309 11
63752411223212 7774667 11
63752412312323 10138010 11
63752412322112 8137643 11
63754213122122 8510129 11
63752411333213 13100880 11
64125371131313 13372796 11
63752412333113 13068367 11
64231572311132 9770557 11
64257131113223 8665880 11
64275131212223 10398971 11
64271533221212 9214496 11
64275131312123 10043506 11
64157321133212 17748735 11
64275133231112 11377494 11
64275132232133 12022708 11
64275311112332 9174456 11
64275132211133 12420465 11
64275133312211 9570419 11
64275311222222 7949472 11
64275313312211 8479298 11
64321572111131 10191311 11
64321572132131 8467689 11
64351272132131 8498858 11
64321572311132 9493766 11
64357212313211 9753873 11
64357213231322 11799559 11
64357213312211 10782891 11
64325713121222 16922762 11
64531272132131 7761250 11
64531273122131 7605100 11
64531273123121 9968466 11
64531273311311 8340836 11
64531271212211 13784194 11
64531273312211 7757758 11
64572131122223 8450158 11
64713253112111 7257319 11
65123471233232 7109000 11
65123471112311 8198332 11
65123472312311 8521080 11
65132471212112 8858604 11
65132471222111 8563557 11
65132471231321 9855501 11
65132472131231 7716646 11
65132471323121 9491948 11
65132472233321 10113662 11
65132473111331 9857809 11
65132472212231 12782981 11
65132473323311 8200748 11
65132473313312 8015863 11
65132741223323 7986219 11
65132743222331 10007160 11
65134721233232 9019212 11
65174232123131 8493673 11
65147321232113 11547734 11
65172431132333 9761741 11
65174232323312 9365861 11
65174232133313 8433302 11
65174233331213 8862606 11
65174233323212 9308658 11
65174322313211 9098045 11
65174323223123 8912641 11
65213741111111 9947816 11
65241371111111 9539531 11
65243712121322 12610700 11
65274131311313 7784372 11
65271432231233 9490115 11
65271341332331 9287502 11
65274131111111 11230372 11
65274131312213 8778119 11
65274132123332 8459909 11
65274133232321 7584281 11
65274133132223 8415441 11
65274133312223 8252102 11
65314272311132 7826885 11
65321472111122 10008903 11
65417321232113 8147946 11
65417323223123 7499048 11
65314272313211 13027811 11
65417323232123 8140478 11
65423713321322 9074793 11
65432173232321 8868276 11
65714323223123 8703666 11
65723143321313 8123691 11
65471231132213 10633180 11
65742311212313 7971371 11
67145323133312 8911219 11
67132541133311 14156287 11
65732411333123 17329648 11
67234513332122 8127669 11
67154233323332 13151241 11
67231541323112 10356972 11
67231543323122 10396418 11
67215343333133 10997591 11
67245131313323 8468525 11
67312452233321 8654989 11
67254313311113 8424936 11
67245311133233 10126918 11
67312541121221 8416669 11
67245311112311 12536227 11
67254311131133 13604244 11
67312542221111 10743167 11
67321451111123 8130847 11
67321451112311 8737137 11
67321452111122 8459893 11
67321542232133 8972963 11
67321451311133 9094900 11
67321453113311 9484283 11
67341252222323 9540871 11
67342512222113 9615141 11
67321451212211 14166757 11
67345211111123 8115478 11
67345211111132 8754738 11
67345122223133 12559568 11
67345122232133 12118275 11
67345211211122 9074574 11
67345211112233 8432039 11
67345211113322 8174835 11
67345211311133 8942205 11
67345213111133 9654305 11
67345212111122 8201558 11
67354211212121 9220671 11
67354121111111 9381660 11
67354212212222 8753530 11
67354211313113 13465021 11
67354212111221 9330051 11
67354211333111 13411821 11
67354212311132 8853148 11
67354213131311 10283742 11
67354213211132 8737814 11
67354213111313 10779105 11
67354213313333 8801581 11
67412353332221 7907866 11
67435121332112 7325347 11
67412353132121 10150875 11
67412531131133 9676526 11
67435123123121 7360829 11
71234563231322 9773059 11
67452313321232 10402123 11
71263541333222 12377679 11
71263542323123 12498874 11
71264533131323 12553591 11
71264533221323 12386776 11
71264533231313 13219001 11
71326453132121 7936811 11
71326451211311 8120271 11
71264533231223 14500846 11
71345262132131 9159529 11
71326543333313 11749032 11
71362453113311 9651094 11
71423653213232 8577742 11
71365423331312 11123154 11
71423563213232 9144884 11
71426533333223 10334369 11
71426353312211 9141892 11
71432561232323 9232891 11
71432561323232 7200152 11
71432562111221 8606566 11
71432563232213 9164475 11
71432563323113 7757252 11
71432563323122 8324773 11
71432563332113 7817667 11
71435261322233 10700154 11
71435262222122 9701311 11
71435263333223 10914386 11
71435263211123 11361203 11
71435263311122 10613252 11
71452363213232 8369333 11
71435263333133 10811210 11
71435623333331 10654630 11
71436253333112 11702825 11
71456321322323 8477781 11
71452632222131 11179840 11
71453262222221 8956316 11
71456322111221 8877158 11
71453623311122 12192711 11
71462531113322 10636806 11
71462532111212 9171477 11
71462532121112 9468300 11
71462533221113 9320556 11
71462533111223 11383459 11
71463523331222 9519989 11
71523463131311 12102562 11
71523463231313 12526513 11
71532463221332 9218820 11
71523463331312 11936987 11
71542633132322 8999724 11
71534262122222 11691135 11
71543622111131 7616390 11
71543623111121 8469854 11
71562433123232 8682581 11
71546233331213 11617019 11
71546322231212 12041261 11
71563243221221 9741767 11
71643252231212 11846536 11
72134562312212 11013216 11
72136541322233 8172376 11
71625433213133 15575328 11
71643523331213 12181848 11
72143563222331 8262354 11
72143651131112 8843533 11
72143651121113 8306093 11
72143651213111 8041384 11
72143651312111 7911425 11
72143652111311 8057569 11
72145631233223 7885160 11
72143653111211 8017892 11
72145633232231 7913852 11
72146352232223 9459755 11
72145633312223 12796721 11
72163452122222 11737127 11
72163453121213 9875393 11
72163453133333 9547043 11
72163453131212 11159468 11
72164353131113 11466387 11
72165431113331 8173024 11
72163453331333 11757442 11
72165432111113 8495449 11
72165432323312 8213591 11
72165432111122 11300526 11
72165433111112 7985702 11
72165432211112 9289571 11
72165433221233 8401645 11
72165433121333 8823915 11
72165433321223 7809419 11
72165433233323 9083088 11
72345611133113 7643004 11
72165433331213 8612607 11
72345611221223 6949228 11
72345611222222 7542773 11
72345611111111 11121176 11
72345611331332 8138678 11
72345612331331 6887250 11
72345612122111 8704997 11
72345613221221 7339951 11
72345613333331 9280266 11
72356141112323 8923845 11
72356141232113 8237491 11
72356143211123 7888382 11
72361453232333 7920550 11
72365412222212 8659219 11
72365413131212 9003119 11
72361542333233 14157091 11
72365413331333 9177490 11
72513641232323 8219528 11
72365413121312 12320894 11
72513641233322 9583932 11
72516342313223 8923599 11
72435163333313 13007499 11
72531463321232 9821716 11
72541631111213 8408918 11
72534163211123 10238283 11
72541631111312 9349560 11
72541631112131 8753001 11
72541631113121 9094285 11
72541632131111 8033636 11
72543162311111 7661474 11
72541633121111 9961409 11
72543163211111 8508533 11
72543611221223 11232284 11
72543611223221 11765761 11
72543611331332 13286379 11
72543612331331 11291403 11
72543611332331 11930160 11
72543613133222 11623180 11
72546311323112 7926690 11
72543613132232 14391895 11
72543613221221 12147239 11
72546313323212 8862242 11
72543613223312 13407742 11
72561342313223 11913595 11
72543613322312 13863922 11
72561432213122 14100452 11
72563411111213 8280814 11
72561433321133 13411272 11
72563411111312 8131004 11
72561433221233 12497828 11
72561433311233 16087512 11
72561433321223 13232552 11
72563411112131 11175968 11
72563412131111 8056373 11
72563411113121 8879149 11
72563413121111 7944643 11
72643513212332 7752025 11
72643513212311 8350315 11
73125463133132 9279140 11
73146522113231 7538592 11
73246153312211 8057371 11
73516243323113 7974894 11
73456123231322 9193282 11
73516243332131 8505931 11
73542613132322 7956887 11
73542163321133 10684916 11
73542613132121 7789481 11
73541262321212 10644507 11
73564213321322 10292955 11
73614251112323 10596996 11
73615241113322 11489584 11
73615242223133 11179463 11
73615243123313 10568204 11
73615243213313 10927573 11
73615243331312 10640083 11
73615241112323 14057645 11
73615421113322 8266915 11
73615243332311 11026216 11
73615423333331 8706889 11
73615423213211 10986491 11
73625143121213 8802769 11
73625141112323 10367482 11
73624513121132 14086225 11
73625143333313 9190294 11
73625412222323 9030179 11
73624513332131 12639706 11
73642511111111 11918545 11
73642511113232 10236234 11
73642511113322 10195838 11
73642513223222 11141035 11
73645211223113 7323257 11
73645121113211 10065661 11
73645122222311 9619922 11
73645211231111 9365340 11
73645211321111 7324530 11
73645211332112 7618165 11
73645213112231 7910443 11
73651241113322 8841804 11
73645213333112 8393990 11
73652413211312 9457329 11
73652413331321 10625254 11
73654122221111 8194233 11
73654122111122 11776655 11
73654211111132 9664232 11
74123563323221 7578119 11
74123652322121 11764876 11
74123653133132 12248652 11
74123653133231 11172051 11
74123653133222 12130666 11
74125631313311 8021818 11
74123653132232 15059346 11
74125632121121 8384827 11
74125632122111 7767050 11
74125632131111 8016061 11
74125632321332 7784739 11
74125633132232 6940655 11
74125633131233 7632141 11
74125633121111 9801398 11
74125633133222 7338734 11
74125633332323 9178324 11
74125633133312 9770842 11
74126352333122 10835025 11
74132561321231 10189413 11
74132562121121 9465187 11
74132562122111 8861030 11
74132563132112 8902033 11
74132563131221 10912959 11
74152363132232 10821924 11
74136522322121 11004206 11
74156322122123 8276883 11
74152363133231 10872880 11
74156322122321 8480989 11
74152363133222 12308571 11
74156323132331 8016501 11
74152363133132 10894950 11
74156322313223 8495521 11
74156323133123 8274462 11
74163252112211 8530641 11
74163251121122 9205198 11
74163253121111 9124106 11
74163253133132 7547934 11
74163252131111 9193417 11
74163253131332 7667301 11
74163253133213 8178740 11
74163253133231 7788107 11
74163253332323 8362970 11
74165231121212 14406317 11
74165231212121 13717760 11
74165232111212 14311394 11
74165231313131 14150753 11
74165231131313 13546910 11
74165232121211 13785040 11
74165232121112 13614625 11
74165233111313 14895147 11
74165233131113 13663651 11
74213652323132 7924224 11
74165233131311 14498444 11
74165233131323 13734160 11
74251633111313 10833795 11
74165233231313 14797329 11
74165233132313 14783047 11
74312652333332 9092052 11
74265312333233 9110818 11
74321563311131 9754660 11
74321653233323 9933021 11
74325612221222 8630872 11
74256311321222 15074972 11
74325163131323 10582394 11
74256313111232 17528002 11
74325613121312 11001703 11
74361253211231 7624313 11
74325613131212 8642284 11
74365211121221 8332288 11
74325613133333 9271756 11
74365211213111 7856584 11
74361253112132 10439009 11
74365211312111 7753074 11
74365211313113 8581207 11
74365212111311 7912687 11
74365211333111 8546823 11
74365212333332 7743281 11
74365212222323 8143094 11
74365213121333 8079456 11
74365213111211 8288124 11
74512362313223 7875792 11
74512361322233 10537479 11
74521632222212 10566447 11
74521633121213 11863654 11
74513263121222 16035353 11
74521633121312 10915041 11
74521633333313 10785840 11
74521633133333 12062999 11
74523611121113 8294090 11
74523611131112 8588231 11
74523611213111 8472072 11
74523611312111 8048331 11
74523613111211 8023604 11
74523612111311 8371762 11
74532163123223 9590323 11
74561231111222 8452208 11
74561232111113 8578748 11
74561232221111 9510822 11
74561233111112 9271577 11
74561233131233 8331898 11
74561233233323 9812352 11
74561233311233 8349141 11
74561233321133 8230736 11
74561233321313 10033475 11
74563211232332 8239140 11
74653213133222 9672867 11
75132463233233 9623741 11
75146321323331 10613620 11
75213642223133 9198244 11
75143263231313 11673787 11
75234161322233 8250827 11
75234162221111 10908163 11
75236143213232 7689159 11
75231463211123 13351872 11
75241632222323 9446063 11
75243613213232 7418609 11
75243611113232 8514186 11
75243162211322 16091377 11
75246313212311 8790092 11
75246313312211 8534018 11
75246131333312 10425276 11
75246313332332 8537672 11
75261432123233 9738248 11
75246311111111 19776986 11
75264132223331 7919189 11
75264132321212 10641866 11
75264132121232 10121804 11
75264133331213 8675128 11
75264133121333 8557573 11
75264311223122 9236784 11
75264313231112 10609535 11
75314621133221 6922459 11
75312463333133 10911616 11
75314623113122 7782686 11
75316241231231 10886234 11
75321463132121 7663637 11
75321461311112 8469702 11
75346122133133 9724853 11
75346211133122 8117480 11
75314621313212 15093116 11
75346211311211 7656805 11
75346211211311 10309798 11
75346213112132 7328322 11
75346213132121 7654763 11
75346213132322 7728410 11
75346213332122 8198877 11
75346212323333 9784392 11
75412631223332 7073456 11
75416323232213 9475776 11
75431263133213 10821506 11
75613243131332 10942958 11
75642132213311 7807497 11
75613243133213 8899481 11
75641323232111 8068878 11
75634123323122 8519012 11
75462132123212 14287056 11
76123453233323 8345120 11
76125343333133 11053110 11
76143252131312 9192860 11
76143253331333 8764405 11
76143253131212 9465123 11
76145231121113 7791373 11
76143252221222 9348427 11
76143253333313 12293793 11
76145231131112 8422818 11
76145231122112 13498020 11
76145232123332 8142714 11
76145232331313 7831546 11
76145231221112 13473595 11
76145231311331 7588156 11
76145232233213 10069168 11
76145233232333 7906966 11
76145232332213 10414883 11
76145233133213 8320277 11
76154323333112 9654028 11
76213543213133 9970108 11
76215341231231 8978020 11
76213543311332 9352259 11
76245311121131 8273735 11
76215433333133 10641517 11
76245311131121 7449427 11
76231451123111 8523124 11
76245311213312 7879222 11
76245312132131 8042613 11
76253141211332 7157673 11
76245313122122 7830682 11
76253141123132 7298671 11
76245313123121 7882894 11
76253413322312 9827390 11
76254313211111 14009031 11
76312453211111 8519812 11
76312453311311 9367678 11
76254133311323 15751242 11
76312542321212 9146800 11
76312452212111 14562427 11
76312542322121 8571467 11
76312543322222 11358614 11
76315241112113 8965382 11
76315241113112 7680286 11
76315241322122 7922988 11
76315241223113 7483106 11
76315241323313 8349777 11
76315241332112 7643508 11
76315243211231 7266028 11
76315243323323 8740848 11
76321452122321 12708125 11
76321452122123 12460471 11
76321452122333 12458783 11
76321452123323 14451371 11
76321452212231 12062825 11
76321453233131 13247648 11
76321452213122 12674378 11
76321453311233 15134517 11
76321453313312 14221810 11
76321453321133 12629187 11
76321453323311 14501685 11
76321542211112 12070887 11
76321543211111 8110177 11
76321543311131 8959334 11
76324151112233 8320008 11
76324153323122 8223845 11
76324151112323 10063682 11
76325411111213 8609880 11
76325411112131 7865761 11
76325411113121 8627668 11
76325411111312 10625023 11
76325411122121 8519652 11
76325411331311 9178022 11
76325412231212 9196955 11
76325412333233 9143241 11
76341251111213 8401119 11
76325413222223 8463781 11
76325412112121 10698801 11
76341251111312 10474062 11
76341251113121 8479323 11
76341251112131 9250989 11
76341252232313 8314312 11
76341251221121 8885481 11
76341251311313 8516497 11
76341252323333 9118524 11
76341253221212 9381032 11
76341253233131 7550268 11
76342511111231 7111061 11
76342511323112 7517184 11
76342511111321 9149779 11
76342512232223 9015237 11
76342513323122 7955665 11
76342513213112 10944184 11
76342513323212 8576123 11
76342513322111 11394543 11
76345122211121 9391100 11
76345122213311 7840955 11
76345122311111 9473595 11
76345122211112 11717388 11
76345123211111 7993159 11
76345123311113 9236108 11
76345123312211 7515453 11
76345123311131 8817903 11
76351421113322 8069570 11
76351421112323 10852474 11
76351423321232 8527238 11
76354121122121 8374936 11
76354121121212 9978483 11
76354121311313 8538755 11
76354122112121 9101136 11
76354121313131 9410821 11
76354122111212 10941641 11
76354123211123 9304188 11
76354122212222 8684506 11
76354123211132 8082519 11
76354123313333 9493240 11
76354212213323 8636583 11
76354212312233 8881428 11
76354213312223 8001898 11
76421351131121 6908780 11
76354212313322 9458394 11
76354213222223 8529170 11
76354212333332 8695269 11
76512343213313 13843631 11
76514321232113 8531714 11
76512343332311 13809771 11
76521433232333 8254384 11
76514321112323 9256106 11
76523413223231 8685949 11
76524313331222 10738028 11
76541233121213 8997189 11
76541232221222 8724523 11
76541232131213 14189171 11
76541233333313 10953105 11
76541233331333 9688023 11
76543211212112 9553176 11
76543211223221 7750811 11
76543211332331 7739738 11
76543211333333 8559667 11
76543212132323 8534217 11
76543211111111 18610516 11
76543213113131 8472836 11
76543212222221 8190723 11
76543212323213 8418093 11
